adhd_adhd,adhd_ocd,asd_adhd,asd_ocd,ocd_adhd,ocd_ocd
0.0715100965759429,0.110122705798733,0.0712796312554861,0.108790605794553,0.103244805384837,0.0993524150953881
0.0699569379990781,0.116679731594125,0.0677238805970115,0.122892888498677,0.118044232618416,0.105688469417614
0.0732440737488998,0.133066286215982,0.0691249634182022,0.128800848697686,0.120943078724028,0.102579016681299
0.0884897989046356,0.128874012291488,0.084525899912205,0.140583845478493,0.133026046239395,0.108410155106822
0.094911472051508,0.1156533508926,0.0936311091600838,0.126616392825791,0.124259479911372,0.0975453614281574
0.0919190810652638,0.105823822066143,0.0978636230611666,0.124952443664038,0.10602136376939,0.0874048873280667
0.0867866549604916,0.0967698273339209,0.0930714076675472,0.10499707345625,0.0944029850746297,0.0734489318115333
0.074985367281242,0.0732440737489031,0.0771583260169728,0.0847453906935924,0.0780326309628347,0.0628072870939442
0.0595405326309634,0.0606709101551072,0.0601587649985377,0.060828211881768,0.0578906935908705,0.0537203687445134
