adhd_adhd,adhd_ocd,asd_adhd,asd_ocd,ocd_adhd,ocd_ocd
0.103797422258241,0.146939317431028,0.0907361129180102,0.132917384452332,0.147724233333423,0.188375614729781
0.100782672868462,0.146476526446561,0.0954498615850718,0.148850349919884,0.144375515058398,0.186853733768756
0.106037854830225,0.144036738823917,0.0905887013190215,0.135235556189124,0.146395823788034,0.183768549663119
0.103132891593015,0.147689411344221,0.0913811236674198,0.1450327836731,0.15476319600019,0.178354871222085
0.106744635588735,0.152845695499786,0.0932821571116614,0.13393792898318,0.159477965966636,0.18116984968968
0.102347956175194,0.147750354280891,0.0901596008940855,0.141017262689872,0.143330521572313,0.189160174022769
0.113178643899596,0.151718592133452,0.0933091502058473,0.141166919673199,0.15730329681806,0.177633831564144
0.107875475502619,0.136277374820723,0.0867426736209344,0.140794468999167,0.140461013110237,0.18653711396782
0.100215598269142,0.144332860367173,0.0955760507286964,0.141336148833149,0.153545442352462,0.183359782773858
