group1,group2,group3,group4,blank
0.763529926220149,0.610222894788091,0.742537958232346,0.700291715379132,0
0.73353749376175,0.57604262558399,0.715783769983333,0.660328617094183,0
0.709211201083678,0.547126677710418,0.693844588158296,0.630803918858245,0
0.687028050243766,0.521573216131024,0.675237851414544,0.606211356444055,0
0.666150667133279,0.498673313349303,0.658487994989423,0.584465026179374,0
0.645804812965545,0.47779442701415,0.642018786116427,0.564661545474922,0
0.625252638819254,0.458761601611735,0.625488484198881,0.546094250093158,0
0.604733954355785,0.441221474438663,0.609325423766906,0.528528966238588,0
0.584340129524815,0.424462245491378,0.593627142582705,0.512084465394742,0
